1  1
9  1.0000 0.100 0.200 0.220 0.600 0.250 0.200 
0.400 0.400 0.310 0.220 0.250 0.330 0.430 0.800 1.170 0.800 0.500 0.400 
2  1
9  1.0000 0.100 0.200 0.220 0.600 0.250 0.200 
0.400 0.400 0.310 0.220 0.250 0.330 0.430 0.800 1.170 0.800 0.500 0.400 
3  1
9  1.0000 0.100 0.200 0.220 0.600 0.250 0.200 
0.400 0.400 0.310 0.220 0.250 0.330 0.430 0.800 1.170 0.800 0.500 0.400 
4  1
9  1.0000 0.100 0.200 0.220 0.600 0.250 0.200 
0.400 0.400 0.310 0.220 0.250 0.330 0.430 0.800 1.170 0.800 0.500 0.400 
5  2
9  0.8270 0.100 0.200 0.220 0.600 0.250 0.200 
0.400 0.400 0.310 0.220 0.250 0.330 0.430 0.800 1.170 0.800 0.500 0.400 
10  0.1730 0.100 0.200 0.250 0.600 0.400 0.200 
0.780 0.890 1.000 1.120 1.780 3.670 4.780 4.230 2.000 1.230 1.000 0.890 
6  1
9  1.0000 0.100 0.200 0.220 0.600 0.250 0.200 
0.400 0.400 0.310 0.220 0.250 0.330 0.430 0.800 1.170 0.800 0.500 0.400 
7  1
9  1.0000 0.100 0.200 0.220 0.600 0.250 0.200 
0.400 0.400 0.310 0.220 0.250 0.330 0.430 0.800 1.170 0.800 0.500 0.400 
8  1
9  1.0000 0.100 0.200 0.220 0.600 0.250 0.200 
0.400 0.400 0.310 0.220 0.250 0.330 0.430 0.800 1.170 0.800 0.500 0.400 
9  1
9  1.0000 0.100 0.200 0.220 0.600 0.250 0.200 
0.400 0.400 0.310 0.220 0.250 0.330 0.430 0.800 1.170 0.800 0.500 0.400 
10  1
9  1.0000 0.100 0.200 0.220 0.600 0.250 0.200 
0.400 0.400 0.310 0.220 0.250 0.330 0.430 0.800 1.170 0.800 0.500 0.400 
11  1
9  1.0000 0.100 0.200 0.220 0.600 0.250 0.200 
0.400 0.400 0.310 0.220 0.250 0.330 0.430 0.800 1.170 0.800 0.500 0.400 
12  1
9  1.0000 0.100 0.200 0.220 0.600 0.250 0.200 
0.400 0.400 0.310 0.220 0.250 0.330 0.430 0.800 1.170 0.800 0.500 0.400 
13  1
9  1.0000 0.100 0.200 0.220 0.600 0.250 0.200 
0.400 0.400 0.310 0.220 0.250 0.330 0.430 0.800 1.170 0.800 0.500 0.400 
14  2
9  0.8221 0.100 0.200 0.220 0.600 0.250 0.200 
0.400 0.400 0.310 0.220 0.250 0.330 0.430 0.800 1.170 0.800 0.500 0.400 
10  0.1779 0.100 0.200 0.250 0.600 0.400 0.200 
0.780 0.890 1.000 1.120 1.780 3.670 4.780 4.230 2.000 1.230 1.000 0.890 
15  2
9  0.7129 0.100 0.200 0.220 0.600 0.250 0.200 
0.400 0.400 0.310 0.220 0.250 0.330 0.430 0.800 1.170 0.800 0.500 0.400 
10  0.2871 0.100 0.200 0.250 0.600 0.400 0.200 
0.780 0.890 1.000 1.120 1.780 3.670 4.780 4.230 2.000 1.230 1.000 0.890 
16  2
9  0.7810 0.100 0.200 0.220 0.600 0.250 0.200 
0.400 0.400 0.310 0.220 0.250 0.330 0.430 0.800 1.170 0.800 0.500 0.400 
10  0.2190 0.100 0.200 0.250 0.600 0.400 0.200 
0.780 0.890 1.000 1.120 1.780 3.670 4.780 4.230 2.000 1.230 1.000 0.890 
17  2
9  0.7471 0.100 0.200 0.220 0.600 0.250 0.200 
0.400 0.400 0.310 0.220 0.250 0.330 0.430 0.800 1.170 0.800 0.500 0.400 
10  0.2529 0.100 0.200 0.250 0.600 0.400 0.200 
0.780 0.890 1.000 1.120 1.780 3.670 4.780 4.230 2.000 1.230 1.000 0.890 
18  2
9  0.8105 0.100 0.200 0.220 0.600 0.250 0.200 
0.400 0.400 0.310 0.220 0.250 0.330 0.430 0.800 1.170 0.800 0.500 0.400 
10  0.1895 0.100 0.200 0.250 0.600 0.400 0.200 
0.780 0.890 1.000 1.120 1.780 3.670 4.780 4.230 2.000 1.230 1.000 0.890 
19  1
9  1.0000 0.100 0.200 0.220 0.600 0.250 0.200 
0.400 0.400 0.310 0.220 0.250 0.330 0.430 0.800 1.170 0.800 0.500 0.400 
20  1
9  1.0000 0.100 0.200 0.220 0.600 0.250 0.200 
0.400 0.400 0.310 0.220 0.250 0.330 0.430 0.800 1.170 0.800 0.500 0.400 
21  1
9  1.0000 0.100 0.200 0.220 0.600 0.250 0.200 
0.400 0.400 0.310 0.220 0.250 0.330 0.430 0.800 1.170 0.800 0.500 0.400 
22  1
9  1.0000 0.100 0.200 0.220 0.600 0.250 0.200 
0.400 0.400 0.310 0.220 0.250 0.330 0.430 0.800 1.170 0.800 0.500 0.400 
23  1
9  1.0000 0.100 0.200 0.220 0.600 0.250 0.200 
0.400 0.400 0.310 0.220 0.250 0.330 0.430 0.800 1.170 0.800 0.500 0.400 
24  1
9  1.0000 0.100 0.200 0.220 0.600 0.250 0.200 
0.400 0.400 0.310 0.220 0.250 0.330 0.430 0.800 1.170 0.800 0.500 0.400 
25  1
9  1.0000 0.100 0.200 0.220 0.600 0.250 0.200 
0.400 0.400 0.310 0.220 0.250 0.330 0.430 0.800 1.170 0.800 0.500 0.400 
26  2
9  0.7469 0.100 0.200 0.220 0.600 0.250 0.200 
0.400 0.400 0.310 0.220 0.250 0.330 0.430 0.800 1.170 0.800 0.500 0.400 
10  0.2531 0.100 0.200 0.250 0.600 0.400 0.200 
0.780 0.890 1.000 1.120 1.780 3.670 4.780 4.230 2.000 1.230 1.000 0.890 
27  2
9  0.8355 0.100 0.200 0.220 0.600 0.250 0.200 
0.400 0.400 0.310 0.220 0.250 0.330 0.430 0.800 1.170 0.800 0.500 0.400 
10  0.1645 0.100 0.200 0.250 0.600 0.400 0.200 
0.780 0.890 1.000 1.120 1.780 3.670 4.780 4.230 2.000 1.230 1.000 0.890 
28  3
7  0.1008 0.100 0.200 0.270 0.400 0.500 0.400 
2.330 2.480 2.730 3.030 3.880 5.520 6.240 5.770 4.160 3.130 2.620 2.400 
9  0.7122 0.100 0.200 0.220 0.600 0.250 0.200 
0.400 0.400 0.310 0.220 0.250 0.330 0.430 0.800 1.170 0.800 0.500 0.400 
10  0.1870 0.100 0.200 0.250 0.600 0.400 0.200 
0.780 0.890 1.000 1.120 1.780 3.670 4.780 4.230 2.000 1.230 1.000 0.890 
29  4
6  0.1098 0.100 0.200 0.290 0.400 0.600 0.400 
5.280 5.530 6.010 6.440 7.240 8.360 8.540 8.130 7.250 6.330 5.630 5.300 
7  0.1128 0.100 0.200 0.270 0.400 0.500 0.400 
2.330 2.480 2.730 3.030 3.880 5.520 6.240 5.770 4.160 3.130 2.620 2.400 
9  0.5979 0.100 0.200 0.220 0.600 0.250 0.200 
0.400 0.400 0.310 0.220 0.250 0.330 0.430 0.800 1.170 0.800 0.500 0.400 
10  0.1795 0.100 0.200 0.250 0.600 0.400 0.200 
0.780 0.890 1.000 1.120 1.780 3.670 4.780 4.230 2.000 1.230 1.000 0.890 
30  3
7  0.1055 0.100 0.200 0.270 0.400 0.500 0.400 
2.330 2.480 2.730 3.030 3.880 5.520 6.240 5.770 4.160 3.130 2.620 2.400 
9  0.5990 0.100 0.200 0.220 0.600 0.250 0.200 
0.400 0.400 0.310 0.220 0.250 0.330 0.430 0.800 1.170 0.800 0.500 0.400 
10  0.2956 0.100 0.200 0.250 0.600 0.400 0.200 
0.780 0.890 1.000 1.120 1.780 3.670 4.780 4.230 2.000 1.230 1.000 0.890 
31  2
9  0.8275 0.100 0.200 0.220 0.600 0.250 0.200 
0.400 0.400 0.310 0.220 0.250 0.330 0.430 0.800 1.170 0.800 0.500 0.400 
10  0.1725 0.100 0.200 0.250 0.600 0.400 0.200 
0.780 0.890 1.000 1.120 1.780 3.670 4.780 4.230 2.000 1.230 1.000 0.890 
32  4
6  0.1138 0.100 0.200 0.290 0.400 0.600 0.400 
5.280 5.530 6.010 6.440 7.240 8.360 8.540 8.130 7.250 6.330 5.630 5.300 
7  0.1273 0.100 0.200 0.270 0.400 0.500 0.400 
2.330 2.480 2.730 3.030 3.880 5.520 6.240 5.770 4.160 3.130 2.620 2.400 
9  0.5006 0.100 0.200 0.220 0.600 0.250 0.200 
0.400 0.400 0.310 0.220 0.250 0.330 0.430 0.800 1.170 0.800 0.500 0.400 
10  0.2583 0.100 0.200 0.250 0.600 0.400 0.200 
0.780 0.890 1.000 1.120 1.780 3.670 4.780 4.230 2.000 1.230 1.000 0.890 
33  2
9  0.6505 0.100 0.200 0.220 0.600 0.250 0.200 
0.400 0.400 0.310 0.220 0.250 0.330 0.430 0.800 1.170 0.800 0.500 0.400 
10  0.3495 0.100 0.200 0.250 0.600 0.400 0.200 
0.780 0.890 1.000 1.120 1.780 3.670 4.780 4.230 2.000 1.230 1.000 0.890 
34  2
9  0.8902 0.100 0.200 0.220 0.600 0.250 0.200 
0.400 0.400 0.310 0.220 0.250 0.330 0.430 0.800 1.170 0.800 0.500 0.400 
10  0.1098 0.100 0.200 0.250 0.600 0.400 0.200 
0.780 0.890 1.000 1.120 1.780 3.670 4.780 4.230 2.000 1.230 1.000 0.890 
35  1
9  1.0000 0.100 0.200 0.220 0.600 0.250 0.200 
0.400 0.400 0.310 0.220 0.250 0.330 0.430 0.800 1.170 0.800 0.500 0.400 
36  0
37  0
38  1
9  1.0000 0.100 0.200 0.220 0.600 0.250 0.200 
0.400 0.400 0.310 0.220 0.250 0.330 0.430 0.800 1.170 0.800 0.500 0.400 
39  1
9  1.0000 0.100 0.200 0.220 0.600 0.250 0.200 
0.400 0.400 0.310 0.220 0.250 0.330 0.430 0.800 1.170 0.800 0.500 0.400 
40  2
9  0.8771 0.100 0.200 0.220 0.600 0.250 0.200 
0.400 0.400 0.310 0.220 0.250 0.330 0.430 0.800 1.170 0.800 0.500 0.400 
10  0.1229 0.100 0.200 0.250 0.600 0.400 0.200 
0.780 0.890 1.000 1.120 1.780 3.670 4.780 4.230 2.000 1.230 1.000 0.890 
41  2
9  0.8959 0.100 0.200 0.220 0.600 0.250 0.200 
0.400 0.400 0.310 0.220 0.250 0.330 0.430 0.800 1.170 0.800 0.500 0.400 
10  0.1041 0.100 0.200 0.250 0.600 0.400 0.200 
0.780 0.890 1.000 1.120 1.780 3.670 4.780 4.230 2.000 1.230 1.000 0.890 
42  1
9  1.0000 0.100 0.200 0.220 0.600 0.250 0.200 
0.400 0.400 0.310 0.220 0.250 0.330 0.430 0.800 1.170 0.800 0.500 0.400 
43  3
7  0.0674 0.100 0.200 0.270 0.400 0.500 0.400 
2.330 2.480 2.730 3.030 3.880 5.520 6.240 5.770 4.160 3.130 2.620 2.400 
9  0.8160 0.100 0.200 0.220 0.600 0.250 0.200 
0.400 0.400 0.310 0.220 0.250 0.330 0.430 0.800 1.170 0.800 0.500 0.400 
10  0.1166 0.100 0.200 0.250 0.600 0.400 0.200 
0.780 0.890 1.000 1.120 1.780 3.670 4.780 4.230 2.000 1.230 1.000 0.890 
44  4
6  0.1373 0.100 0.200 0.290 0.400 0.600 0.400 
5.280 5.530 6.010 6.440 7.240 8.360 8.540 8.130 7.250 6.330 5.630 5.300 
7  0.1074 0.100 0.200 0.270 0.400 0.500 0.400 
2.330 2.480 2.730 3.030 3.880 5.520 6.240 5.770 4.160 3.130 2.620 2.400 
9  0.5443 0.100 0.200 0.220 0.600 0.250 0.200 
0.400 0.400 0.310 0.220 0.250 0.330 0.430 0.800 1.170 0.800 0.500 0.400 
10  0.2110 0.100 0.200 0.250 0.600 0.400 0.200 
0.780 0.890 1.000 1.120 1.780 3.670 4.780 4.230 2.000 1.230 1.000 0.890 
45  3
7  0.0910 0.100 0.200 0.270 0.400 0.500 0.400 
2.330 2.480 2.730 3.030 3.880 5.520 6.240 5.770 4.160 3.130 2.620 2.400 
9  0.6799 0.100 0.200 0.220 0.600 0.250 0.200 
0.400 0.400 0.310 0.220 0.250 0.330 0.430 0.800 1.170 0.800 0.500 0.400 
10  0.2290 0.100 0.200 0.250 0.600 0.400 0.200 
0.780 0.890 1.000 1.120 1.780 3.670 4.780 4.230 2.000 1.230 1.000 0.890 
46  3
7  0.0899 0.100 0.200 0.270 0.400 0.500 0.400 
2.330 2.480 2.730 3.030 3.880 5.520 6.240 5.770 4.160 3.130 2.620 2.400 
9  0.5946 0.100 0.200 0.220 0.600 0.250 0.200 
0.400 0.400 0.310 0.220 0.250 0.330 0.430 0.800 1.170 0.800 0.500 0.400 
10  0.3155 0.100 0.200 0.250 0.600 0.400 0.200 
0.780 0.890 1.000 1.120 1.780 3.670 4.780 4.230 2.000 1.230 1.000 0.890 
47  2
9  0.7109 0.100 0.200 0.220 0.600 0.250 0.200 
0.400 0.400 0.310 0.220 0.250 0.330 0.430 0.800 1.170 0.800 0.500 0.400 
10  0.2891 0.100 0.200 0.250 0.600 0.400 0.200 
0.780 0.890 1.000 1.120 1.780 3.670 4.780 4.230 2.000 1.230 1.000 0.890 
48  1
9  1.0000 0.100 0.200 0.220 0.600 0.250 0.200 
0.400 0.400 0.310 0.220 0.250 0.330 0.430 0.800 1.170 0.800 0.500 0.400 
49  2
9  0.8527 0.100 0.200 0.220 0.600 0.250 0.200 
0.400 0.400 0.310 0.220 0.250 0.330 0.430 0.800 1.170 0.800 0.500 0.400 
10  0.1473 0.100 0.200 0.250 0.600 0.400 0.200 
0.780 0.890 1.000 1.120 1.780 3.670 4.780 4.230 2.000 1.230 1.000 0.890 
50  0
51  0
52  0
53  2
9  0.7832 0.100 0.200 0.220 0.600 0.250 0.200 
0.400 0.400 0.310 0.220 0.250 0.330 0.430 0.800 1.170 0.800 0.500 0.400 
10  0.2168 0.100 0.200 0.250 0.600 0.400 0.200 
0.780 0.890 1.000 1.120 1.780 3.670 4.780 4.230 2.000 1.230 1.000 0.890 
54  2
9  0.8674 0.100 0.200 0.220 0.600 0.250 0.200 
0.400 0.400 0.310 0.220 0.250 0.330 0.430 0.800 1.170 0.800 0.500 0.400 
10  0.1326 0.100 0.200 0.250 0.600 0.400 0.200 
0.780 0.890 1.000 1.120 1.780 3.670 4.780 4.230 2.000 1.230 1.000 0.890 
55  4
6  0.1603 0.100 0.200 0.290 0.400 0.600 0.400 
5.280 5.530 6.010 6.440 7.240 8.360 8.540 8.130 7.250 6.330 5.630 5.300 
7  0.1294 0.100 0.200 0.270 0.400 0.500 0.400 
2.330 2.480 2.730 3.030 3.880 5.520 6.240 5.770 4.160 3.130 2.620 2.400 
9  0.5218 0.100 0.200 0.220 0.600 0.250 0.200 
0.400 0.400 0.310 0.220 0.250 0.330 0.430 0.800 1.170 0.800 0.500 0.400 
10  0.1885 0.100 0.200 0.250 0.600 0.400 0.200 
0.780 0.890 1.000 1.120 1.780 3.670 4.780 4.230 2.000 1.230 1.000 0.890 
56  4
6  0.2393 0.100 0.200 0.290 0.400 0.600 0.400 
5.280 5.530 6.010 6.440 7.240 8.360 8.540 8.130 7.250 6.330 5.630 5.300 
7  0.1552 0.100 0.200 0.270 0.400 0.500 0.400 
2.330 2.480 2.730 3.030 3.880 5.520 6.240 5.770 4.160 3.130 2.620 2.400 
9  0.3506 0.100 0.200 0.220 0.600 0.250 0.200 
0.400 0.400 0.310 0.220 0.250 0.330 0.430 0.800 1.170 0.800 0.500 0.400 
10  0.2549 0.100 0.200 0.250 0.600 0.400 0.200 
0.780 0.890 1.000 1.120 1.780 3.670 4.780 4.230 2.000 1.230 1.000 0.890 
57  4
6  0.3128 0.100 0.200 0.290 0.400 0.600 0.400 
5.280 5.530 6.010 6.440 7.240 8.360 8.540 8.130 7.250 6.330 5.630 5.300 
7  0.0794 0.100 0.200 0.270 0.400 0.500 0.400 
2.330 2.480 2.730 3.030 3.880 5.520 6.240 5.770 4.160 3.130 2.620 2.400 
9  0.4419 0.100 0.200 0.220 0.600 0.250 0.200 
0.400 0.400 0.310 0.220 0.250 0.330 0.430 0.800 1.170 0.800 0.500 0.400 
10  0.1659 0.100 0.200 0.250 0.600 0.400 0.200 
0.780 0.890 1.000 1.120 1.780 3.670 4.780 4.230 2.000 1.230 1.000 0.890 
58  4
6  0.1862 0.100 0.200 0.290 0.400 0.600 0.400 
5.280 5.530 6.010 6.440 7.240 8.360 8.540 8.130 7.250 6.330 5.630 5.300 
7  0.1085 0.100 0.200 0.270 0.400 0.500 0.400 
2.330 2.480 2.730 3.030 3.880 5.520 6.240 5.770 4.160 3.130 2.620 2.400 
9  0.4994 0.100 0.200 0.220 0.600 0.250 0.200 
0.400 0.400 0.310 0.220 0.250 0.330 0.430 0.800 1.170 0.800 0.500 0.400 
10  0.2059 0.100 0.200 0.250 0.600 0.400 0.200 
0.780 0.890 1.000 1.120 1.780 3.670 4.780 4.230 2.000 1.230 1.000 0.890 
59  4
6  0.2074 0.100 0.200 0.290 0.400 0.600 0.400 
5.280 5.530 6.010 6.440 7.240 8.360 8.540 8.130 7.250 6.330 5.630 5.300 
7  0.1073 0.100 0.200 0.270 0.400 0.500 0.400 
2.330 2.480 2.730 3.030 3.880 5.520 6.240 5.770 4.160 3.130 2.620 2.400 
9  0.5422 0.100 0.200 0.220 0.600 0.250 0.200 
0.400 0.400 0.310 0.220 0.250 0.330 0.430 0.800 1.170 0.800 0.500 0.400 
10  0.1431 0.100 0.200 0.250 0.600 0.400 0.200 
0.780 0.890 1.000 1.120 1.780 3.670 4.780 4.230 2.000 1.230 1.000 0.890 
60  4
6  0.2613 0.100 0.200 0.290 0.400 0.600 0.400 
5.280 5.530 6.010 6.440 7.240 8.360 8.540 8.130 7.250 6.330 5.630 5.300 
7  0.1114 0.100 0.200 0.270 0.400 0.500 0.400 
2.330 2.480 2.730 3.030 3.880 5.520 6.240 5.770 4.160 3.130 2.620 2.400 
9  0.4360 0.100 0.200 0.220 0.600 0.250 0.200 
0.400 0.400 0.310 0.220 0.250 0.330 0.430 0.800 1.170 0.800 0.500 0.400 
10  0.1912 0.100 0.200 0.250 0.600 0.400 0.200 
0.780 0.890 1.000 1.120 1.780 3.670 4.780 4.230 2.000 1.230 1.000 0.890 
61  4
6  0.0750 0.100 0.200 0.290 0.400 0.600 0.400 
5.280 5.530 6.010 6.440 7.240 8.360 8.540 8.130 7.250 6.330 5.630 5.300 
7  0.1172 0.100 0.200 0.270 0.400 0.500 0.400 
2.330 2.480 2.730 3.030 3.880 5.520 6.240 5.770 4.160 3.130 2.620 2.400 
9  0.6312 0.100 0.200 0.220 0.600 0.250 0.200 
0.400 0.400 0.310 0.220 0.250 0.330 0.430 0.800 1.170 0.800 0.500 0.400 
10  0.1766 0.100 0.200 0.250 0.600 0.400 0.200 
0.780 0.890 1.000 1.120 1.780 3.670 4.780 4.230 2.000 1.230 1.000 0.890 
62  2
9  0.8040 0.100 0.200 0.220 0.600 0.250 0.200 
0.400 0.400 0.310 0.220 0.250 0.330 0.430 0.800 1.170 0.800 0.500 0.400 
10  0.1960 0.100 0.200 0.250 0.600 0.400 0.200 
0.780 0.890 1.000 1.120 1.780 3.670 4.780 4.230 2.000 1.230 1.000 0.890 
63  2
9  0.7774 0.100 0.200 0.220 0.600 0.250 0.200 
0.400 0.400 0.310 0.220 0.250 0.330 0.430 0.800 1.170 0.800 0.500 0.400 
10  0.2226 0.100 0.200 0.250 0.600 0.400 0.200 
0.780 0.890 1.000 1.120 1.780 3.670 4.780 4.230 2.000 1.230 1.000 0.890 
64  3
7  0.0962 0.100 0.200 0.270 0.400 0.500 0.400 
2.330 2.480 2.730 3.030 3.880 5.520 6.240 5.770 4.160 3.130 2.620 2.400 
9  0.7720 0.100 0.200 0.220 0.600 0.250 0.200 
0.400 0.400 0.310 0.220 0.250 0.330 0.430 0.800 1.170 0.800 0.500 0.400 
10  0.1318 0.100 0.200 0.250 0.600 0.400 0.200 
0.780 0.890 1.000 1.120 1.780 3.670 4.780 4.230 2.000 1.230 1.000 0.890 
65  2
9  0.7628 0.100 0.200 0.220 0.600 0.250 0.200 
0.400 0.400 0.310 0.220 0.250 0.330 0.430 0.800 1.170 0.800 0.500 0.400 
10  0.2372 0.100 0.200 0.250 0.600 0.400 0.200 
0.780 0.890 1.000 1.120 1.780 3.670 4.780 4.230 2.000 1.230 1.000 0.890 
66  1
9  1.0000 0.100 0.200 0.220 0.600 0.250 0.200 
0.400 0.400 0.310 0.220 0.250 0.330 0.430 0.800 1.170 0.800 0.500 0.400 
67  0
68  0
69  4
6  0.2061 0.100 0.200 0.290 0.400 0.600 0.400 
5.280 5.530 6.010 6.440 7.240 8.360 8.540 8.130 7.250 6.330 5.630 5.300 
7  0.1980 0.100 0.200 0.270 0.400 0.500 0.400 
2.330 2.480 2.730 3.030 3.880 5.520 6.240 5.770 4.160 3.130 2.620 2.400 
9  0.3306 0.100 0.200 0.220 0.600 0.250 0.200 
0.400 0.400 0.310 0.220 0.250 0.330 0.430 0.800 1.170 0.800 0.500 0.400 
10  0.2653 0.100 0.200 0.250 0.600 0.400 0.200 
0.780 0.890 1.000 1.120 1.780 3.670 4.780 4.230 2.000 1.230 1.000 0.890 
70  4
6  0.4072 0.100 0.200 0.290 0.400 0.600 0.400 
5.280 5.530 6.010 6.440 7.240 8.360 8.540 8.130 7.250 6.330 5.630 5.300 
7  0.1764 0.100 0.200 0.270 0.400 0.500 0.400 
2.330 2.480 2.730 3.030 3.880 5.520 6.240 5.770 4.160 3.130 2.620 2.400 
9  0.2586 0.100 0.200 0.220 0.600 0.250 0.200 
0.400 0.400 0.310 0.220 0.250 0.330 0.430 0.800 1.170 0.800 0.500 0.400 
10  0.1578 0.100 0.200 0.250 0.600 0.400 0.200 
0.780 0.890 1.000 1.120 1.780 3.670 4.780 4.230 2.000 1.230 1.000 0.890 
71  5
6  0.3413 0.100 0.200 0.290 0.400 0.600 0.400 
5.280 5.530 6.010 6.440 7.240 8.360 8.540 8.130 7.250 6.330 5.630 5.300 
7  0.2164 0.100 0.200 0.270 0.400 0.500 0.400 
2.330 2.480 2.730 3.030 3.880 5.520 6.240 5.770 4.160 3.130 2.620 2.400 
8  0.0547 0.100 0.200 0.250 0.400 0.300 0.400 
0.580 0.630 0.630 0.630 0.920 1.770 2.550 2.550 1.730 0.970 0.730 0.630 
9  0.2069 0.100 0.200 0.220 0.600 0.250 0.200 
0.400 0.400 0.310 0.220 0.250 0.330 0.430 0.800 1.170 0.800 0.500 0.400 
10  0.1807 0.100 0.200 0.250 0.600 0.400 0.200 
0.780 0.890 1.000 1.120 1.780 3.670 4.780 4.230 2.000 1.230 1.000 0.890 
72  4
6  0.3707 0.100 0.200 0.290 0.400 0.600 0.400 
5.280 5.530 6.010 6.440 7.240 8.360 8.540 8.130 7.250 6.330 5.630 5.300 
7  0.1539 0.100 0.200 0.270 0.400 0.500 0.400 
2.330 2.480 2.730 3.030 3.880 5.520 6.240 5.770 4.160 3.130 2.620 2.400 
9  0.3251 0.100 0.200 0.220 0.600 0.250 0.200 
0.400 0.400 0.310 0.220 0.250 0.330 0.430 0.800 1.170 0.800 0.500 0.400 
10  0.1502 0.100 0.200 0.250 0.600 0.400 0.200 
0.780 0.890 1.000 1.120 1.780 3.670 4.780 4.230 2.000 1.230 1.000 0.890 
73  3
6  0.3736 0.100 0.200 0.290 0.400 0.600 0.400 
5.280 5.530 6.010 6.440 7.240 8.360 8.540 8.130 7.250 6.330 5.630 5.300 
7  0.1432 0.100 0.200 0.270 0.400 0.500 0.400 
2.330 2.480 2.730 3.030 3.880 5.520 6.240 5.770 4.160 3.130 2.620 2.400 
9  0.4832 0.100 0.200 0.220 0.600 0.250 0.200 
0.400 0.400 0.310 0.220 0.250 0.330 0.430 0.800 1.170 0.800 0.500 0.400 
74  4
6  0.2092 0.100 0.200 0.290 0.400 0.600 0.400 
5.280 5.530 6.010 6.440 7.240 8.360 8.540 8.130 7.250 6.330 5.630 5.300 
7  0.1373 0.100 0.200 0.270 0.400 0.500 0.400 
2.330 2.480 2.730 3.030 3.880 5.520 6.240 5.770 4.160 3.130 2.620 2.400 
9  0.5660 0.100 0.200 0.220 0.600 0.250 0.200 
0.400 0.400 0.310 0.220 0.250 0.330 0.430 0.800 1.170 0.800 0.500 0.400 
10  0.0876 0.100 0.200 0.250 0.600 0.400 0.200 
0.780 0.890 1.000 1.120 1.780 3.670 4.780 4.230 2.000 1.230 1.000 0.890 
75  4
6  0.2401 0.100 0.200 0.290 0.400 0.600 0.400 
5.280 5.530 6.010 6.440 7.240 8.360 8.540 8.130 7.250 6.330 5.630 5.300 
7  0.1689 0.100 0.200 0.270 0.400 0.500 0.400 
2.330 2.480 2.730 3.030 3.880 5.520 6.240 5.770 4.160 3.130 2.620 2.400 
9  0.4327 0.100 0.200 0.220 0.600 0.250 0.200 
0.400 0.400 0.310 0.220 0.250 0.330 0.430 0.800 1.170 0.800 0.500 0.400 
10  0.1583 0.100 0.200 0.250 0.600 0.400 0.200 
0.780 0.890 1.000 1.120 1.780 3.670 4.780 4.230 2.000 1.230 1.000 0.890 
76  4
6  0.2011 0.100 0.200 0.290 0.400 0.600 0.400 
5.280 5.530 6.010 6.440 7.240 8.360 8.540 8.130 7.250 6.330 5.630 5.300 
7  0.1997 0.100 0.200 0.270 0.400 0.500 0.400 
2.330 2.480 2.730 3.030 3.880 5.520 6.240 5.770 4.160 3.130 2.620 2.400 
9  0.4427 0.100 0.200 0.220 0.600 0.250 0.200 
0.400 0.400 0.310 0.220 0.250 0.330 0.430 0.800 1.170 0.800 0.500 0.400 
10  0.1564 0.100 0.200 0.250 0.600 0.400 0.200 
0.780 0.890 1.000 1.120 1.780 3.670 4.780 4.230 2.000 1.230 1.000 0.890 
77  4
6  0.1390 0.100 0.200 0.290 0.400 0.600 0.400 
5.280 5.530 6.010 6.440 7.240 8.360 8.540 8.130 7.250 6.330 5.630 5.300 
7  0.1254 0.100 0.200 0.270 0.400 0.500 0.400 
2.330 2.480 2.730 3.030 3.880 5.520 6.240 5.770 4.160 3.130 2.620 2.400 
9  0.4622 0.100 0.200 0.220 0.600 0.250 0.200 
0.400 0.400 0.310 0.220 0.250 0.330 0.430 0.800 1.170 0.800 0.500 0.400 
10  0.2734 0.100 0.200 0.250 0.600 0.400 0.200 
0.780 0.890 1.000 1.120 1.780 3.670 4.780 4.230 2.000 1.230 1.000 0.890 
78  2
9  0.5972 0.100 0.200 0.220 0.600 0.250 0.200 
0.400 0.400 0.310 0.220 0.250 0.330 0.430 0.800 1.170 0.800 0.500 0.400 
10  0.4028 0.100 0.200 0.250 0.600 0.400 0.200 
0.780 0.890 1.000 1.120 1.780 3.670 4.780 4.230 2.000 1.230 1.000 0.890 
79  3
7  0.1125 0.100 0.200 0.270 0.400 0.500 0.400 
2.330 2.480 2.730 3.030 3.880 5.520 6.240 5.770 4.160 3.130 2.620 2.400 
9  0.5859 0.100 0.200 0.220 0.600 0.250 0.200 
0.400 0.400 0.310 0.220 0.250 0.330 0.430 0.800 1.170 0.800 0.500 0.400 
10  0.3016 0.100 0.200 0.250 0.600 0.400 0.200 
0.780 0.890 1.000 1.120 1.780 3.670 4.780 4.230 2.000 1.230 1.000 0.890 
80  3
6  0.1212 0.100 0.200 0.290 0.400 0.600 0.400 
5.280 5.530 6.010 6.440 7.240 8.360 8.540 8.130 7.250 6.330 5.630 5.300 
9  0.6981 0.100 0.200 0.220 0.600 0.250 0.200 
0.400 0.400 0.310 0.220 0.250 0.330 0.430 0.800 1.170 0.800 0.500 0.400 
10  0.1808 0.100 0.200 0.250 0.600 0.400 0.200 
0.780 0.890 1.000 1.120 1.780 3.670 4.780 4.230 2.000 1.230 1.000 0.890 
81  2
9  0.7984 0.100 0.200 0.220 0.600 0.250 0.200 
0.400 0.400 0.310 0.220 0.250 0.330 0.430 0.800 1.170 0.800 0.500 0.400 
10  0.2016 0.100 0.200 0.250 0.600 0.400 0.200 
0.780 0.890 1.000 1.120 1.780 3.670 4.780 4.230 2.000 1.230 1.000 0.890 
82  1
9  1.0000 0.100 0.200 0.220 0.600 0.250 0.200 
0.400 0.400 0.310 0.220 0.250 0.330 0.430 0.800 1.170 0.800 0.500 0.400 
83  1
9  1.0000 0.100 0.200 0.220 0.600 0.250 0.200 
0.400 0.400 0.310 0.220 0.250 0.330 0.430 0.800 1.170 0.800 0.500 0.400 
84  1
9  1.0000 0.100 0.200 0.220 0.600 0.250 0.200 
0.400 0.400 0.310 0.220 0.250 0.330 0.430 0.800 1.170 0.800 0.500 0.400 
85  0
86  0
87  0
88  0
89  1
9  1.0000 0.100 0.200 0.220 0.600 0.250 0.200 
0.400 0.400 0.310 0.220 0.250 0.330 0.430 0.800 1.170 0.800 0.500 0.400 
90  1
9  1.0000 0.100 0.200 0.220 0.600 0.250 0.200 
0.400 0.400 0.310 0.220 0.250 0.330 0.430 0.800 1.170 0.800 0.500 0.400 
91  5
1  0.1354 0.100 0.200 0.300 0.400 0.600 0.400 
8.760 9.160 9.830 10.090 10.360 10.760 10.490 10.230 10.090 9.830 9.160 8.760 
6  0.2219 0.100 0.200 0.290 0.400 0.600 0.400 
5.280 5.530 6.010 6.440 7.240 8.360 8.540 8.130 7.250 6.330 5.630 5.300 
7  0.0783 0.100 0.200 0.270 0.400 0.500 0.400 
2.330 2.480 2.730 3.030 3.880 5.520 6.240 5.770 4.160 3.130 2.620 2.400 
9  0.4812 0.100 0.200 0.220 0.600 0.250 0.200 
0.400 0.400 0.310 0.220 0.250 0.330 0.430 0.800 1.170 0.800 0.500 0.400 
10  0.0832 0.100 0.200 0.250 0.600 0.400 0.200 
0.780 0.890 1.000 1.120 1.780 3.670 4.780 4.230 2.000 1.230 1.000 0.890 
92  5
1  0.1341 0.100 0.200 0.300 0.400 0.600 0.400 
8.760 9.160 9.830 10.090 10.360 10.760 10.490 10.230 10.090 9.830 9.160 8.760 
6  0.5061 0.100 0.200 0.290 0.400 0.600 0.400 
5.280 5.530 6.010 6.440 7.240 8.360 8.540 8.130 7.250 6.330 5.630 5.300 
7  0.1366 0.100 0.200 0.270 0.400 0.500 0.400 
2.330 2.480 2.730 3.030 3.880 5.520 6.240 5.770 4.160 3.130 2.620 2.400 
9  0.1390 0.100 0.200 0.220 0.600 0.250 0.200 
0.400 0.400 0.310 0.220 0.250 0.330 0.430 0.800 1.170 0.800 0.500 0.400 
10  0.0841 0.100 0.200 0.250 0.600 0.400 0.200 
0.780 0.890 1.000 1.120 1.780 3.670 4.780 4.230 2.000 1.230 1.000 0.890 
93  4
6  0.4495 0.100 0.200 0.290 0.400 0.600 0.400 
5.280 5.530 6.010 6.440 7.240 8.360 8.540 8.130 7.250 6.330 5.630 5.300 
7  0.1675 0.100 0.200 0.270 0.400 0.500 0.400 
2.330 2.480 2.730 3.030 3.880 5.520 6.240 5.770 4.160 3.130 2.620 2.400 
9  0.2057 0.100 0.200 0.220 0.600 0.250 0.200 
0.400 0.400 0.310 0.220 0.250 0.330 0.430 0.800 1.170 0.800 0.500 0.400 
10  0.1773 0.100 0.200 0.250 0.600 0.400 0.200 
0.780 0.890 1.000 1.120 1.780 3.670 4.780 4.230 2.000 1.230 1.000 0.890 
94  4
6  0.0726 0.100 0.200 0.290 0.400 0.600 0.400 
5.280 5.530 6.010 6.440 7.240 8.360 8.540 8.130 7.250 6.330 5.630 5.300 
7  0.1422 0.100 0.200 0.270 0.400 0.500 0.400 
2.330 2.480 2.730 3.030 3.880 5.520 6.240 5.770 4.160 3.130 2.620 2.400 
9  0.6415 0.100 0.200 0.220 0.600 0.250 0.200 
0.400 0.400 0.310 0.220 0.250 0.330 0.430 0.800 1.170 0.800 0.500 0.400 
10  0.1437 0.100 0.200 0.250 0.600 0.400 0.200 
0.780 0.890 1.000 1.120 1.780 3.670 4.780 4.230 2.000 1.230 1.000 0.890 
95  4
6  0.1970 0.100 0.200 0.290 0.400 0.600 0.400 
5.280 5.530 6.010 6.440 7.240 8.360 8.540 8.130 7.250 6.330 5.630 5.300 
7  0.1030 0.100 0.200 0.270 0.400 0.500 0.400 
2.330 2.480 2.730 3.030 3.880 5.520 6.240 5.770 4.160 3.130 2.620 2.400 
9  0.5388 0.100 0.200 0.220 0.600 0.250 0.200 
0.400 0.400 0.310 0.220 0.250 0.330 0.430 0.800 1.170 0.800 0.500 0.400 
10  0.1612 0.100 0.200 0.250 0.600 0.400 0.200 
0.780 0.890 1.000 1.120 1.780 3.670 4.780 4.230 2.000 1.230 1.000 0.890 
96  4
6  0.3080 0.100 0.200 0.290 0.400 0.600 0.400 
5.280 5.530 6.010 6.440 7.240 8.360 8.540 8.130 7.250 6.330 5.630 5.300 
7  0.2167 0.100 0.200 0.270 0.400 0.500 0.400 
2.330 2.480 2.730 3.030 3.880 5.520 6.240 5.770 4.160 3.130 2.620 2.400 
9  0.2291 0.100 0.200 0.220 0.600 0.250 0.200 
0.400 0.400 0.310 0.220 0.250 0.330 0.430 0.800 1.170 0.800 0.500 0.400 
10  0.2461 0.100 0.200 0.250 0.600 0.400 0.200 
0.780 0.890 1.000 1.120 1.780 3.670 4.780 4.230 2.000 1.230 1.000 0.890 
97  4
6  0.1492 0.100 0.200 0.290 0.400 0.600 0.400 
5.280 5.530 6.010 6.440 7.240 8.360 8.540 8.130 7.250 6.330 5.630 5.300 
7  0.1019 0.100 0.200 0.270 0.400 0.500 0.400 
2.330 2.480 2.730 3.030 3.880 5.520 6.240 5.770 4.160 3.130 2.620 2.400 
9  0.5022 0.100 0.200 0.220 0.600 0.250 0.200 
0.400 0.400 0.310 0.220 0.250 0.330 0.430 0.800 1.170 0.800 0.500 0.400 
10  0.2468 0.100 0.200 0.250 0.600 0.400 0.200 
0.780 0.890 1.000 1.120 1.780 3.670 4.780 4.230 2.000 1.230 1.000 0.890 
98  1
9  1.0000 0.100 0.200 0.220 0.600 0.250 0.200 
0.400 0.400 0.310 0.220 0.250 0.330 0.430 0.800 1.170 0.800 0.500 0.400 
99  3
7  0.1403 0.100 0.200 0.270 0.400 0.500 0.400 
2.330 2.480 2.730 3.030 3.880 5.520 6.240 5.770 4.160 3.130 2.620 2.400 
9  0.4208 0.100 0.200 0.220 0.600 0.250 0.200 
0.400 0.400 0.310 0.220 0.250 0.330 0.430 0.800 1.170 0.800 0.500 0.400 
10  0.4389 0.100 0.200 0.250 0.600 0.400 0.200 
0.780 0.890 1.000 1.120 1.780 3.670 4.780 4.230 2.000 1.230 1.000 0.890 
100  3
7  0.1229 0.100 0.200 0.270 0.400 0.500 0.400 
2.330 2.480 2.730 3.030 3.880 5.520 6.240 5.770 4.160 3.130 2.620 2.400 
9  0.6437 0.100 0.200 0.220 0.600 0.250 0.200 
0.400 0.400 0.310 0.220 0.250 0.330 0.430 0.800 1.170 0.800 0.500 0.400 
10  0.2334 0.100 0.200 0.250 0.600 0.400 0.200 
0.780 0.890 1.000 1.120 1.780 3.670 4.780 4.230 2.000 1.230 1.000 0.890 
101  2
9  0.8185 0.100 0.200 0.220 0.600 0.250 0.200 
0.400 0.400 0.310 0.220 0.250 0.330 0.430 0.800 1.170 0.800 0.500 0.400 
10  0.1815 0.100 0.200 0.250 0.600 0.400 0.200 
0.780 0.890 1.000 1.120 1.780 3.670 4.780 4.230 2.000 1.230 1.000 0.890 
102  2
9  0.5883 0.100 0.200 0.220 0.600 0.250 0.200 
0.400 0.400 0.310 0.220 0.250 0.330 0.430 0.800 1.170 0.800 0.500 0.400 
10  0.4117 0.100 0.200 0.250 0.600 0.400 0.200 
0.780 0.890 1.000 1.120 1.780 3.670 4.780 4.230 2.000 1.230 1.000 0.890 
103  2
9  0.7191 0.100 0.200 0.220 0.600 0.250 0.200 
0.400 0.400 0.310 0.220 0.250 0.330 0.430 0.800 1.170 0.800 0.500 0.400 
10  0.2809 0.100 0.200 0.250 0.600 0.400 0.200 
0.780 0.890 1.000 1.120 1.780 3.670 4.780 4.230 2.000 1.230 1.000 0.890 
104  2
9  0.8147 0.100 0.200 0.220 0.600 0.250 0.200 
0.400 0.400 0.310 0.220 0.250 0.330 0.430 0.800 1.170 0.800 0.500 0.400 
10  0.1853 0.100 0.200 0.250 0.600 0.400 0.200 
0.780 0.890 1.000 1.120 1.780 3.670 4.780 4.230 2.000 1.230 1.000 0.890 
105  2
9  0.8430 0.100 0.200 0.220 0.600 0.250 0.200 
0.400 0.400 0.310 0.220 0.250 0.330 0.430 0.800 1.170 0.800 0.500 0.400 
10  0.1570 0.100 0.200 0.250 0.600 0.400 0.200 
0.780 0.890 1.000 1.120 1.780 3.670 4.780 4.230 2.000 1.230 1.000 0.890 
106  1
9  1.0000 0.100 0.200 0.220 0.600 0.250 0.200 
0.400 0.400 0.310 0.220 0.250 0.330 0.430 0.800 1.170 0.800 0.500 0.400 
107  1
9  1.0000 0.100 0.200 0.220 0.600 0.250 0.200 
0.400 0.400 0.310 0.220 0.250 0.330 0.430 0.800 1.170 0.800 0.500 0.400 
108  0
109  1
9  1.0000 0.100 0.200 0.220 0.600 0.250 0.200 
0.400 0.400 0.310 0.220 0.250 0.330 0.430 0.800 1.170 0.800 0.500 0.400 
110  1
9  1.0000 0.100 0.200 0.220 0.600 0.250 0.200 
0.400 0.400 0.310 0.220 0.250 0.330 0.430 0.800 1.170 0.800 0.500 0.400 
111  1
9  1.0000 0.100 0.200 0.220 0.600 0.250 0.200 
0.400 0.400 0.310 0.220 0.250 0.330 0.430 0.800 1.170 0.800 0.500 0.400 
112  1
9  1.0000 0.100 0.200 0.220 0.600 0.250 0.200 
0.400 0.400 0.310 0.220 0.250 0.330 0.430 0.800 1.170 0.800 0.500 0.400 
113  1
9  1.0000 0.100 0.200 0.220 0.600 0.250 0.200 
0.400 0.400 0.310 0.220 0.250 0.330 0.430 0.800 1.170 0.800 0.500 0.400 
114  5
1  0.2235 0.100 0.200 0.300 0.400 0.600 0.400 
8.760 9.160 9.830 10.090 10.360 10.760 10.490 10.230 10.090 9.830 9.160 8.760 
6  0.3649 0.100 0.200 0.290 0.400 0.600 0.400 
5.280 5.530 6.010 6.440 7.240 8.360 8.540 8.130 7.250 6.330 5.630 5.300 
7  0.1995 0.100 0.200 0.270 0.400 0.500 0.400 
2.330 2.480 2.730 3.030 3.880 5.520 6.240 5.770 4.160 3.130 2.620 2.400 
10  0.0912 0.100 0.200 0.250 0.600 0.400 0.200 
0.780 0.890 1.000 1.120 1.780 3.670 4.780 4.230 2.000 1.230 1.000 0.890 
11  0.1209 0.100 0.200 0.250 0.600 0.400 0.200 
0.780 0.890 1.000 1.120 1.780 3.670 4.780 4.230 2.000 1.230 1.000 0.890 
115  5
1  0.2512 0.100 0.200 0.300 0.400 0.600 0.400 
8.760 9.160 9.830 10.090 10.360 10.760 10.490 10.230 10.090 9.830 9.160 8.760 
6  0.3925 0.100 0.200 0.290 0.400 0.600 0.400 
5.280 5.530 6.010 6.440 7.240 8.360 8.540 8.130 7.250 6.330 5.630 5.300 
7  0.1612 0.100 0.200 0.270 0.400 0.500 0.400 
2.330 2.480 2.730 3.030 3.880 5.520 6.240 5.770 4.160 3.130 2.620 2.400 
10  0.0794 0.100 0.200 0.250 0.600 0.400 0.200 
0.780 0.890 1.000 1.120 1.780 3.670 4.780 4.230 2.000 1.230 1.000 0.890 
11  0.1157 0.100 0.200 0.250 0.600 0.400 0.200 
0.780 0.890 1.000 1.120 1.780 3.670 4.780 4.230 2.000 1.230 1.000 0.890 
116  5
1  0.1408 0.100 0.200 0.300 0.400 0.600 0.400 
8.760 9.160 9.830 10.090 10.360 10.760 10.490 10.230 10.090 9.830 9.160 8.760 
6  0.2105 0.100 0.200 0.290 0.400 0.600 0.400 
5.280 5.530 6.010 6.440 7.240 8.360 8.540 8.130 7.250 6.330 5.630 5.300 
7  0.2079 0.100 0.200 0.270 0.400 0.500 0.400 
2.330 2.480 2.730 3.030 3.880 5.520 6.240 5.770 4.160 3.130 2.620 2.400 
9  0.3211 0.100 0.200 0.220 0.600 0.250 0.200 
0.400 0.400 0.310 0.220 0.250 0.330 0.430 0.800 1.170 0.800 0.500 0.400 
10  0.1197 0.100 0.200 0.250 0.600 0.400 0.200 
0.780 0.890 1.000 1.120 1.780 3.670 4.780 4.230 2.000 1.230 1.000 0.890 
117  1
9  1.0000 0.100 0.200 0.220 0.600 0.250 0.200 
0.400 0.400 0.310 0.220 0.250 0.330 0.430 0.800 1.170 0.800 0.500 0.400 
118  4
7  0.1029 0.100 0.200 0.270 0.400 0.500 0.400 
2.330 2.480 2.730 3.030 3.880 5.520 6.240 5.770 4.160 3.130 2.620 2.400 
8  0.0823 0.100 0.200 0.250 0.400 0.300 0.400 
0.580 0.630 0.630 0.630 0.920 1.770 2.550 2.550 1.730 0.970 0.730 0.630 
9  0.6552 0.100 0.200 0.220 0.600 0.250 0.200 
0.400 0.400 0.310 0.220 0.250 0.330 0.430 0.800 1.170 0.800 0.500 0.400 
10  0.1595 0.100 0.200 0.250 0.600 0.400 0.200 
0.780 0.890 1.000 1.120 1.780 3.670 4.780 4.230 2.000 1.230 1.000 0.890 
119  2
9  0.8740 0.100 0.200 0.220 0.600 0.250 0.200 
0.400 0.400 0.310 0.220 0.250 0.330 0.430 0.800 1.170 0.800 0.500 0.400 
10  0.1260 0.100 0.200 0.250 0.600 0.400 0.200 
0.780 0.890 1.000 1.120 1.780 3.670 4.780 4.230 2.000 1.230 1.000 0.890 
120  1
9  1.0000 0.100 0.200 0.220 0.600 0.250 0.200 
0.400 0.400 0.310 0.220 0.250 0.330 0.430 0.800 1.170 0.800 0.500 0.400 
121  1
9  1.0000 0.100 0.200 0.220 0.600 0.250 0.200 
0.400 0.400 0.310 0.220 0.250 0.330 0.430 0.800 1.170 0.800 0.500 0.400 
122  2
9  0.8319 0.100 0.200 0.220 0.600 0.250 0.200 
0.400 0.400 0.310 0.220 0.250 0.330 0.430 0.800 1.170 0.800 0.500 0.400 
10  0.1681 0.100 0.200 0.250 0.600 0.400 0.200 
0.780 0.890 1.000 1.120 1.780 3.670 4.780 4.230 2.000 1.230 1.000 0.890 
123  3
7  0.0785 0.100 0.200 0.270 0.400 0.500 0.400 
2.330 2.480 2.730 3.030 3.880 5.520 6.240 5.770 4.160 3.130 2.620 2.400 
9  0.7600 0.100 0.200 0.220 0.600 0.250 0.200 
0.400 0.400 0.310 0.220 0.250 0.330 0.430 0.800 1.170 0.800 0.500 0.400 
10  0.1615 0.100 0.200 0.250 0.600 0.400 0.200 
0.780 0.890 1.000 1.120 1.780 3.670 4.780 4.230 2.000 1.230 1.000 0.890 
124  1
9  1.0000 0.100 0.200 0.220 0.600 0.250 0.200 
0.400 0.400 0.310 0.220 0.250 0.330 0.430 0.800 1.170 0.800 0.500 0.400 
125  3
7  0.1046 0.100 0.200 0.270 0.400 0.500 0.400 
2.330 2.480 2.730 3.030 3.880 5.520 6.240 5.770 4.160 3.130 2.620 2.400 
9  0.7778 0.100 0.200 0.220 0.600 0.250 0.200 
0.400 0.400 0.310 0.220 0.250 0.330 0.430 0.800 1.170 0.800 0.500 0.400 
10  0.1176 0.100 0.200 0.250 0.600 0.400 0.200 
0.780 0.890 1.000 1.120 1.780 3.670 4.780 4.230 2.000 1.230 1.000 0.890 
126  1
9  1.0000 0.100 0.200 0.220 0.600 0.250 0.200 
0.400 0.400 0.310 0.220 0.250 0.330 0.430 0.800 1.170 0.800 0.500 0.400 
127  1
9  1.0000 0.100 0.200 0.220 0.600 0.250 0.200 
0.400 0.400 0.310 0.220 0.250 0.330 0.430 0.800 1.170 0.800 0.500 0.400 
128  1
9  1.0000 0.100 0.200 0.220 0.600 0.250 0.200 
0.400 0.400 0.310 0.220 0.250 0.330 0.430 0.800 1.170 0.800 0.500 0.400 
129  1
9  1.0000 0.100 0.200 0.220 0.600 0.250 0.200 
0.400 0.400 0.310 0.220 0.250 0.330 0.430 0.800 1.170 0.800 0.500 0.400 
130  1
9  1.0000 0.100 0.200 0.220 0.600 0.250 0.200 
0.400 0.400 0.310 0.220 0.250 0.330 0.430 0.800 1.170 0.800 0.500 0.400 
131  1
9  1.0000 0.100 0.200 0.220 0.600 0.250 0.200 
0.400 0.400 0.310 0.220 0.250 0.330 0.430 0.800 1.170 0.800 0.500 0.400 
132  0
133  4
1  0.2065 0.100 0.200 0.300 0.400 0.600 0.400 
8.760 9.160 9.830 10.090 10.360 10.760 10.490 10.230 10.090 9.830 9.160 8.760 
6  0.2702 0.100 0.200 0.290 0.400 0.600 0.400 
5.280 5.530 6.010 6.440 7.240 8.360 8.540 8.130 7.250 6.330 5.630 5.300 
7  0.3121 0.100 0.200 0.270 0.400 0.500 0.400 
2.330 2.480 2.730 3.030 3.880 5.520 6.240 5.770 4.160 3.130 2.620 2.400 
11  0.2112 0.100 0.200 0.250 0.600 0.400 0.200 
0.780 0.890 1.000 1.120 1.780 3.670 4.780 4.230 2.000 1.230 1.000 0.890 
134  5
1  0.1000 0.100 0.200 0.300 0.400 0.600 0.400 
8.760 9.160 9.830 10.090 10.360 10.760 10.490 10.230 10.090 9.830 9.160 8.760 
6  0.3773 0.100 0.200 0.290 0.400 0.600 0.400 
5.280 5.530 6.010 6.440 7.240 8.360 8.540 8.130 7.250 6.330 5.630 5.300 
7  0.2545 0.100 0.200 0.270 0.400 0.500 0.400 
2.330 2.480 2.730 3.030 3.880 5.520 6.240 5.770 4.160 3.130 2.620 2.400 
10  0.0545 0.100 0.200 0.250 0.600 0.400 0.200 
0.780 0.890 1.000 1.120 1.780 3.670 4.780 4.230 2.000 1.230 1.000 0.890 
11  0.2136 0.100 0.200 0.250 0.600 0.400 0.200 
0.780 0.890 1.000 1.120 1.780 3.670 4.780 4.230 2.000 1.230 1.000 0.890 
135  5
1  0.0794 0.100 0.200 0.300 0.400 0.600 0.400 
8.760 9.160 9.830 10.090 10.360 10.760 10.490 10.230 10.090 9.830 9.160 8.760 
6  0.2740 0.100 0.200 0.290 0.400 0.600 0.400 
5.280 5.530 6.010 6.440 7.240 8.360 8.540 8.130 7.250 6.330 5.630 5.300 
7  0.1779 0.100 0.200 0.270 0.400 0.500 0.400 
2.330 2.480 2.730 3.030 3.880 5.520 6.240 5.770 4.160 3.130 2.620 2.400 
10  0.1119 0.100 0.200 0.250 0.600 0.400 0.200 
0.780 0.890 1.000 1.120 1.780 3.670 4.780 4.230 2.000 1.230 1.000 0.890 
11  0.3568 0.100 0.200 0.250 0.600 0.400 0.200 
0.780 0.890 1.000 1.120 1.780 3.670 4.780 4.230 2.000 1.230 1.000 0.890 
136  6
1  0.2042 0.100 0.200 0.300 0.400 0.600 0.400 
8.760 9.160 9.830 10.090 10.360 10.760 10.490 10.230 10.090 9.830 9.160 8.760 
6  0.1690 0.100 0.200 0.290 0.400 0.600 0.400 
5.280 5.530 6.010 6.440 7.240 8.360 8.540 8.130 7.250 6.330 5.630 5.300 
7  0.1180 0.100 0.200 0.270 0.400 0.500 0.400 
2.330 2.480 2.730 3.030 3.880 5.520 6.240 5.770 4.160 3.130 2.620 2.400 
9  0.1549 0.100 0.200 0.220 0.600 0.250 0.200 
0.400 0.400 0.310 0.220 0.250 0.330 0.430 0.800 1.170 0.800 0.500 0.400 
10  0.2042 0.100 0.200 0.250 0.600 0.400 0.200 
0.780 0.890 1.000 1.120 1.780 3.670 4.780 4.230 2.000 1.230 1.000 0.890 
11  0.1496 0.100 0.200 0.250 0.600 0.400 0.200 
0.780 0.890 1.000 1.120 1.780 3.670 4.780 4.230 2.000 1.230 1.000 0.890 
137  2
8  0.1454 0.100 0.200 0.250 0.400 0.300 0.400 
0.580 0.630 0.630 0.630 0.920 1.770 2.550 2.550 1.730 0.970 0.730 0.630 
9  0.8546 0.100 0.200 0.220 0.600 0.250 0.200 
0.400 0.400 0.310 0.220 0.250 0.330 0.430 0.800 1.170 0.800 0.500 0.400 
138  2
9  0.6602 0.100 0.200 0.220 0.600 0.250 0.200 
0.400 0.400 0.310 0.220 0.250 0.330 0.430 0.800 1.170 0.800 0.500 0.400 
10  0.3398 0.100 0.200 0.250 0.600 0.400 0.200 
0.780 0.890 1.000 1.120 1.780 3.670 4.780 4.230 2.000 1.230 1.000 0.890 
139  2
9  0.6723 0.100 0.200 0.220 0.600 0.250 0.200 
0.400 0.400 0.310 0.220 0.250 0.330 0.430 0.800 1.170 0.800 0.500 0.400 
10  0.3277 0.100 0.200 0.250 0.600 0.400 0.200 
0.780 0.890 1.000 1.120 1.780 3.670 4.780 4.230 2.000 1.230 1.000 0.890 
140  2
9  0.8412 0.100 0.200 0.220 0.600 0.250 0.200 
0.400 0.400 0.310 0.220 0.250 0.330 0.430 0.800 1.170 0.800 0.500 0.400 
10  0.1588 0.100 0.200 0.250 0.600 0.400 0.200 
0.780 0.890 1.000 1.120 1.780 3.670 4.780 4.230 2.000 1.230 1.000 0.890 
141  1
9  1.0000 0.100 0.200 0.220 0.600 0.250 0.200 
0.400 0.400 0.310 0.220 0.250 0.330 0.430 0.800 1.170 0.800 0.500 0.400 
142  2
9  0.8960 0.100 0.200 0.220 0.600 0.250 0.200 
0.400 0.400 0.310 0.220 0.250 0.330 0.430 0.800 1.170 0.800 0.500 0.400 
10  0.1040 0.100 0.200 0.250 0.600 0.400 0.200 
0.780 0.890 1.000 1.120 1.780 3.670 4.780 4.230 2.000 1.230 1.000 0.890 
143  1
9  1.0000 0.100 0.200 0.220 0.600 0.250 0.200 
0.400 0.400 0.310 0.220 0.250 0.330 0.430 0.800 1.170 0.800 0.500 0.400 
144  1
9  1.0000 0.100 0.200 0.220 0.600 0.250 0.200 
0.400 0.400 0.310 0.220 0.250 0.330 0.430 0.800 1.170 0.800 0.500 0.400 
145  1
9  1.0000 0.100 0.200 0.220 0.600 0.250 0.200 
0.400 0.400 0.310 0.220 0.250 0.330 0.430 0.800 1.170 0.800 0.500 0.400 
146  1
9  1.0000 0.100 0.200 0.220 0.600 0.250 0.200 
0.400 0.400 0.310 0.220 0.250 0.330 0.430 0.800 1.170 0.800 0.500 0.400 
147  0
148  1
9  1.0000 0.100 0.200 0.220 0.600 0.250 0.200 
0.400 0.400 0.310 0.220 0.250 0.330 0.430 0.800 1.170 0.800 0.500 0.400 
149  1
9  1.0000 0.100 0.200 0.220 0.600 0.250 0.200 
0.400 0.400 0.310 0.220 0.250 0.330 0.430 0.800 1.170 0.800 0.500 0.400 
150  1
9  1.0000 0.100 0.200 0.220 0.600 0.250 0.200 
0.400 0.400 0.310 0.220 0.250 0.330 0.430 0.800 1.170 0.800 0.500 0.400 
151  4
6  0.2094 0.100 0.200 0.290 0.400 0.600 0.400 
5.280 5.530 6.010 6.440 7.240 8.360 8.540 8.130 7.250 6.330 5.630 5.300 
7  0.2446 0.100 0.200 0.270 0.400 0.500 0.400 
2.330 2.480 2.730 3.030 3.880 5.520 6.240 5.770 4.160 3.130 2.620 2.400 
10  0.1468 0.100 0.200 0.250 0.600 0.400 0.200 
0.780 0.890 1.000 1.120 1.780 3.670 4.780 4.230 2.000 1.230 1.000 0.890 
11  0.3992 0.100 0.200 0.250 0.600 0.400 0.200 
0.780 0.890 1.000 1.120 1.780 3.670 4.780 4.230 2.000 1.230 1.000 0.890 
152  4
6  0.1823 0.100 0.200 0.290 0.400 0.600 0.400 
5.280 5.530 6.010 6.440 7.240 8.360 8.540 8.130 7.250 6.330 5.630 5.300 
7  0.2901 0.100 0.200 0.270 0.400 0.500 0.400 
2.330 2.480 2.730 3.030 3.880 5.520 6.240 5.770 4.160 3.130 2.620 2.400 
10  0.0917 0.100 0.200 0.250 0.600 0.400 0.200 
0.780 0.890 1.000 1.120 1.780 3.670 4.780 4.230 2.000 1.230 1.000 0.890 
11  0.4358 0.100 0.200 0.250 0.600 0.400 0.200 
0.780 0.890 1.000 1.120 1.780 3.670 4.780 4.230 2.000 1.230 1.000 0.890 
153  4
1  0.1141 0.100 0.200 0.300 0.400 0.600 0.400 
8.760 9.160 9.830 10.090 10.360 10.760 10.490 10.230 10.090 9.830 9.160 8.760 
6  0.3919 0.100 0.200 0.290 0.400 0.600 0.400 
5.280 5.530 6.010 6.440 7.240 8.360 8.540 8.130 7.250 6.330 5.630 5.300 
7  0.3248 0.100 0.200 0.270 0.400 0.500 0.400 
2.330 2.480 2.730 3.030 3.880 5.520 6.240 5.770 4.160 3.130 2.620 2.400 
11  0.1691 0.100 0.200 0.250 0.600 0.400 0.200 
0.780 0.890 1.000 1.120 1.780 3.670 4.780 4.230 2.000 1.230 1.000 0.890 
154  4
1  0.0714 0.100 0.200 0.300 0.400 0.600 0.400 
8.760 9.160 9.830 10.090 10.360 10.760 10.490 10.230 10.090 9.830 9.160 8.760 
6  0.2800 0.100 0.200 0.290 0.400 0.600 0.400 
5.280 5.530 6.010 6.440 7.240 8.360 8.540 8.130 7.250 6.330 5.630 5.300 
7  0.3353 0.100 0.200 0.270 0.400 0.500 0.400 
2.330 2.480 2.730 3.030 3.880 5.520 6.240 5.770 4.160 3.130 2.620 2.400 
11  0.3134 0.100 0.200 0.250 0.600 0.400 0.200 
0.780 0.890 1.000 1.120 1.780 3.670 4.780 4.230 2.000 1.230 1.000 0.890 
155  2
9  0.7979 0.100 0.200 0.220 0.600 0.250 0.200 
0.400 0.400 0.310 0.220 0.250 0.330 0.430 0.800 1.170 0.800 0.500 0.400 
10  0.2021 0.100 0.200 0.250 0.600 0.400 0.200 
0.780 0.890 1.000 1.120 1.780 3.670 4.780 4.230 2.000 1.230 1.000 0.890 
156  2
9  0.5726 0.100 0.200 0.220 0.600 0.250 0.200 
0.400 0.400 0.310 0.220 0.250 0.330 0.430 0.800 1.170 0.800 0.500 0.400 
10  0.4274 0.100 0.200 0.250 0.600 0.400 0.200 
0.780 0.890 1.000 1.120 1.780 3.670 4.780 4.230 2.000 1.230 1.000 0.890 
157  2
9  0.6267 0.100 0.200 0.220 0.600 0.250 0.200 
0.400 0.400 0.310 0.220 0.250 0.330 0.430 0.800 1.170 0.800 0.500 0.400 
10  0.3733 0.100 0.200 0.250 0.600 0.400 0.200 
0.780 0.890 1.000 1.120 1.780 3.670 4.780 4.230 2.000 1.230 1.000 0.890 
158  3
7  0.0608 0.100 0.200 0.270 0.400 0.500 0.400 
2.330 2.480 2.730 3.030 3.880 5.520 6.240 5.770 4.160 3.130 2.620 2.400 
9  0.8374 0.100 0.200 0.220 0.600 0.250 0.200 
0.400 0.400 0.310 0.220 0.250 0.330 0.430 0.800 1.170 0.800 0.500 0.400 
10  0.1018 0.100 0.200 0.250 0.600 0.400 0.200 
0.780 0.890 1.000 1.120 1.780 3.670 4.780 4.230 2.000 1.230 1.000 0.890 
159  1
9  1.0000 0.100 0.200 0.220 0.600 0.250 0.200 
0.400 0.400 0.310 0.220 0.250 0.330 0.430 0.800 1.170 0.800 0.500 0.400 
160  1
9  1.0000 0.100 0.200 0.220 0.600 0.250 0.200 
0.400 0.400 0.310 0.220 0.250 0.330 0.430 0.800 1.170 0.800 0.500 0.400 
161  1
9  1.0000 0.100 0.200 0.220 0.600 0.250 0.200 
0.400 0.400 0.310 0.220 0.250 0.330 0.430 0.800 1.170 0.800 0.500 0.400 
162  1
9  1.0000 0.100 0.200 0.220 0.600 0.250 0.200 
0.400 0.400 0.310 0.220 0.250 0.330 0.430 0.800 1.170 0.800 0.500 0.400 
163  1
9  1.0000 0.100 0.200 0.220 0.600 0.250 0.200 
0.400 0.400 0.310 0.220 0.250 0.330 0.430 0.800 1.170 0.800 0.500 0.400 
164  1
9  1.0000 0.100 0.200 0.220 0.600 0.250 0.200 
0.400 0.400 0.310 0.220 0.250 0.330 0.430 0.800 1.170 0.800 0.500 0.400 
165  1
9  1.0000 0.100 0.200 0.220 0.600 0.250 0.200 
0.400 0.400 0.310 0.220 0.250 0.330 0.430 0.800 1.170 0.800 0.500 0.400 
166  1
9  1.0000 0.100 0.200 0.220 0.600 0.250 0.200 
0.400 0.400 0.310 0.220 0.250 0.330 0.430 0.800 1.170 0.800 0.500 0.400 
167  1
9  1.0000 0.100 0.200 0.220 0.600 0.250 0.200 
0.400 0.400 0.310 0.220 0.250 0.330 0.430 0.800 1.170 0.800 0.500 0.400 
168  1
9  1.0000 0.100 0.200 0.220 0.600 0.250 0.200 
0.400 0.400 0.310 0.220 0.250 0.330 0.430 0.800 1.170 0.800 0.500 0.400 
169  1
9  1.0000 0.100 0.200 0.220 0.600 0.250 0.200 
0.400 0.400 0.310 0.220 0.250 0.330 0.430 0.800 1.170 0.800 0.500 0.400 
170  4
6  0.2284 0.100 0.200 0.290 0.400 0.600 0.400 
5.280 5.530 6.010 6.440 7.240 8.360 8.540 8.130 7.250 6.330 5.630 5.300 
7  0.3971 0.100 0.200 0.270 0.400 0.500 0.400 
2.330 2.480 2.730 3.030 3.880 5.520 6.240 5.770 4.160 3.130 2.620 2.400 
10  0.1091 0.100 0.200 0.250 0.600 0.400 0.200 
0.780 0.890 1.000 1.120 1.780 3.670 4.780 4.230 2.000 1.230 1.000 0.890 
11  0.2654 0.100 0.200 0.250 0.600 0.400 0.200 
0.780 0.890 1.000 1.120 1.780 3.670 4.780 4.230 2.000 1.230 1.000 0.890 
171  4
6  0.0572 0.100 0.200 0.290 0.400 0.600 0.400 
5.280 5.530 6.010 6.440 7.240 8.360 8.540 8.130 7.250 6.330 5.630 5.300 
7  0.4534 0.100 0.200 0.270 0.400 0.500 0.400 
2.330 2.480 2.730 3.030 3.880 5.520 6.240 5.770 4.160 3.130 2.620 2.400 
10  0.1212 0.100 0.200 0.250 0.600 0.400 0.200 
0.780 0.890 1.000 1.120 1.780 3.670 4.780 4.230 2.000 1.230 1.000 0.890 
11  0.3681 0.100 0.200 0.250 0.600 0.400 0.200 
0.780 0.890 1.000 1.120 1.780 3.670 4.780 4.230 2.000 1.230 1.000 0.890 
172  4
1  0.0807 0.100 0.200 0.300 0.400 0.600 0.400 
8.760 9.160 9.830 10.090 10.360 10.760 10.490 10.230 10.090 9.830 9.160 8.760 
6  0.3281 0.100 0.200 0.290 0.400 0.600 0.400 
5.280 5.530 6.010 6.440 7.240 8.360 8.540 8.130 7.250 6.330 5.630 5.300 
7  0.3456 0.100 0.200 0.270 0.400 0.500 0.400 
2.330 2.480 2.730 3.030 3.880 5.520 6.240 5.770 4.160 3.130 2.620 2.400 
11  0.2456 0.100 0.200 0.250 0.600 0.400 0.200 
0.780 0.890 1.000 1.120 1.780 3.670 4.780 4.230 2.000 1.230 1.000 0.890 
173  1
9  1.0000 0.100 0.200 0.220 0.600 0.250 0.200 
0.400 0.400 0.310 0.220 0.250 0.330 0.430 0.800 1.170 0.800 0.500 0.400 
174  2
9  0.5888 0.100 0.200 0.220 0.600 0.250 0.200 
0.400 0.400 0.310 0.220 0.250 0.330 0.430 0.800 1.170 0.800 0.500 0.400 
10  0.4112 0.100 0.200 0.250 0.600 0.400 0.200 
0.780 0.890 1.000 1.120 1.780 3.670 4.780 4.230 2.000 1.230 1.000 0.890 
175  2
9  0.5858 0.100 0.200 0.220 0.600 0.250 0.200 
0.400 0.400 0.310 0.220 0.250 0.330 0.430 0.800 1.170 0.800 0.500 0.400 
10  0.4142 0.100 0.200 0.250 0.600 0.400 0.200 
0.780 0.890 1.000 1.120 1.780 3.670 4.780 4.230 2.000 1.230 1.000 0.890 
176  1
9  1.0000 0.100 0.200 0.220 0.600 0.250 0.200 
0.400 0.400 0.310 0.220 0.250 0.330 0.430 0.800 1.170 0.800 0.500 0.400 
177  1
9  1.0000 0.100 0.200 0.220 0.600 0.250 0.200 
0.400 0.400 0.310 0.220 0.250 0.330 0.430 0.800 1.170 0.800 0.500 0.400 
178  1
9  1.0000 0.100 0.200 0.220 0.600 0.250 0.200 
0.400 0.400 0.310 0.220 0.250 0.330 0.430 0.800 1.170 0.800 0.500 0.400 
179  2
9  0.9170 0.100 0.200 0.220 0.600 0.250 0.200 
0.400 0.400 0.310 0.220 0.250 0.330 0.430 0.800 1.170 0.800 0.500 0.400 
10  0.0830 0.100 0.200 0.250 0.600 0.400 0.200 
0.780 0.890 1.000 1.120 1.780 3.670 4.780 4.230 2.000 1.230 1.000 0.890 
180  1
9  1.0000 0.100 0.200 0.220 0.600 0.250 0.200 
0.400 0.400 0.310 0.220 0.250 0.330 0.430 0.800 1.170 0.800 0.500 0.400 
181  1
9  1.0000 0.100 0.200 0.220 0.600 0.250 0.200 
0.400 0.400 0.310 0.220 0.250 0.330 0.430 0.800 1.170 0.800 0.500 0.400 
182  1
9  1.0000 0.100 0.200 0.220 0.600 0.250 0.200 
0.400 0.400 0.310 0.220 0.250 0.330 0.430 0.800 1.170 0.800 0.500 0.400 
183  1
9  1.0000 0.100 0.200 0.220 0.600 0.250 0.200 
0.400 0.400 0.310 0.220 0.250 0.330 0.430 0.800 1.170 0.800 0.500 0.400 
184  1
9  1.0000 0.100 0.200 0.220 0.600 0.250 0.200 
0.400 0.400 0.310 0.220 0.250 0.330 0.430 0.800 1.170 0.800 0.500 0.400 
185  1
9  1.0000 0.100 0.200 0.220 0.600 0.250 0.200 
0.400 0.400 0.310 0.220 0.250 0.330 0.430 0.800 1.170 0.800 0.500 0.400 
186  1
9  1.0000 0.100 0.200 0.220 0.600 0.250 0.200 
0.400 0.400 0.310 0.220 0.250 0.330 0.430 0.800 1.170 0.800 0.500 0.400 
187  1
9  1.0000 0.100 0.200 0.220 0.600 0.250 0.200 
0.400 0.400 0.310 0.220 0.250 0.330 0.430 0.800 1.170 0.800 0.500 0.400 
188  1
9  1.0000 0.100 0.200 0.220 0.600 0.250 0.200 
0.400 0.400 0.310 0.220 0.250 0.330 0.430 0.800 1.170 0.800 0.500 0.400 
189  1
9  1.0000 0.100 0.200 0.220 0.600 0.250 0.200 
0.400 0.400 0.310 0.220 0.250 0.330 0.430 0.800 1.170 0.800 0.500 0.400 
190  1
9  1.0000 0.100 0.200 0.220 0.600 0.250 0.200 
0.400 0.400 0.310 0.220 0.250 0.330 0.430 0.800 1.170 0.800 0.500 0.400 
191  2
7  0.2737 0.100 0.200 0.270 0.400 0.500 0.400 
2.330 2.480 2.730 3.030 3.880 5.520 6.240 5.770 4.160 3.130 2.620 2.400 
11  0.7263 0.100 0.200 0.250 0.600 0.400 0.200 
0.780 0.890 1.000 1.120 1.780 3.670 4.780 4.230 2.000 1.230 1.000 0.890 
192  1
9  1.0000 0.100 0.200 0.220 0.600 0.250 0.200 
0.400 0.400 0.310 0.220 0.250 0.330 0.430 0.800 1.170 0.800 0.500 0.400 
193  1
9  1.0000 0.100 0.200 0.220 0.600 0.250 0.200 
0.400 0.400 0.310 0.220 0.250 0.330 0.430 0.800 1.170 0.800 0.500 0.400 
194  1
9  1.0000 0.100 0.200 0.220 0.600 0.250 0.200 
0.400 0.400 0.310 0.220 0.250 0.330 0.430 0.800 1.170 0.800 0.500 0.400 
195  1
9  1.0000 0.100 0.200 0.220 0.600 0.250 0.200 
0.400 0.400 0.310 0.220 0.250 0.330 0.430 0.800 1.170 0.800 0.500 0.400 
196  1
9  1.0000 0.100 0.200 0.220 0.600 0.250 0.200 
0.400 0.400 0.310 0.220 0.250 0.330 0.430 0.800 1.170 0.800 0.500 0.400 
197  3
7  0.1083 0.100 0.200 0.270 0.400 0.500 0.400 
2.330 2.480 2.730 3.030 3.880 5.520 6.240 5.770 4.160 3.130 2.620 2.400 
9  0.6143 0.100 0.200 0.220 0.600 0.250 0.200 
0.400 0.400 0.310 0.220 0.250 0.330 0.430 0.800 1.170 0.800 0.500 0.400 
10  0.2774 0.100 0.200 0.250 0.600 0.400 0.200 
0.780 0.890 1.000 1.120 1.780 3.670 4.780 4.230 2.000 1.230 1.000 0.890 
198  1
9  1.0000 0.100 0.200 0.220 0.600 0.250 0.200 
0.400 0.400 0.310 0.220 0.250 0.330 0.430 0.800 1.170 0.800 0.500 0.400 
199  1
9  1.0000 0.100 0.200 0.220 0.600 0.250 0.200 
0.400 0.400 0.310 0.220 0.250 0.330 0.430 0.800 1.170 0.800 0.500 0.400 
200  1
9  1.0000 0.100 0.200 0.220 0.600 0.250 0.200 
0.400 0.400 0.310 0.220 0.250 0.330 0.430 0.800 1.170 0.800 0.500 0.400 
201  1
9  1.0000 0.100 0.200 0.220 0.600 0.250 0.200 
0.400 0.400 0.310 0.220 0.250 0.330 0.430 0.800 1.170 0.800 0.500 0.400 
202  1
9  1.0000 0.100 0.200 0.220 0.600 0.250 0.200 
0.400 0.400 0.310 0.220 0.250 0.330 0.430 0.800 1.170 0.800 0.500 0.400 
203  2
9  0.9334 0.100 0.200 0.220 0.600 0.250 0.200 
0.400 0.400 0.310 0.220 0.250 0.330 0.430 0.800 1.170 0.800 0.500 0.400 
10  0.0666 0.100 0.200 0.250 0.600 0.400 0.200 
0.780 0.890 1.000 1.120 1.780 3.670 4.780 4.230 2.000 1.230 1.000 0.890 
204  1
9  1.0000 0.100 0.200 0.220 0.600 0.250 0.200 
0.400 0.400 0.310 0.220 0.250 0.330 0.430 0.800 1.170 0.800 0.500 0.400 
205  1
9  1.0000 0.100 0.200 0.220 0.600 0.250 0.200 
0.400 0.400 0.310 0.220 0.250 0.330 0.430 0.800 1.170 0.800 0.500 0.400 
206  1
9  1.0000 0.100 0.200 0.220 0.600 0.250 0.200 
0.400 0.400 0.310 0.220 0.250 0.330 0.430 0.800 1.170 0.800 0.500 0.400 
207  1
9  1.0000 0.100 0.200 0.220 0.600 0.250 0.200 
0.400 0.400 0.310 0.220 0.250 0.330 0.430 0.800 1.170 0.800 0.500 0.400 
208  1
9  1.0000 0.100 0.200 0.220 0.600 0.250 0.200 
0.400 0.400 0.310 0.220 0.250 0.330 0.430 0.800 1.170 0.800 0.500 0.400 
209  1
9  1.0000 0.100 0.200 0.220 0.600 0.250 0.200 
0.400 0.400 0.310 0.220 0.250 0.330 0.430 0.800 1.170 0.800 0.500 0.400 
210  1
9  1.0000 0.100 0.200 0.220 0.600 0.250 0.200 
0.400 0.400 0.310 0.220 0.250 0.330 0.430 0.800 1.170 0.800 0.500 0.400 
211  2
9  0.8554 0.100 0.200 0.220 0.600 0.250 0.200 
0.400 0.400 0.310 0.220 0.250 0.330 0.430 0.800 1.170 0.800 0.500 0.400 
10  0.1446 0.100 0.200 0.250 0.600 0.400 0.200 
0.780 0.890 1.000 1.120 1.780 3.670 4.780 4.230 2.000 1.230 1.000 0.890 
212  2
7  0.1203 0.100 0.200 0.270 0.400 0.500 0.400 
2.330 2.480 2.730 3.030 3.880 5.520 6.240 5.770 4.160 3.130 2.620 2.400 
9  0.8797 0.100 0.200 0.220 0.600 0.250 0.200 
0.400 0.400 0.310 0.220 0.250 0.330 0.430 0.800 1.170 0.800 0.500 0.400 
213  1
9  1.0000 0.100 0.200 0.220 0.600 0.250 0.200 
0.400 0.400 0.310 0.220 0.250 0.330 0.430 0.800 1.170 0.800 0.500 0.400 
214  1
9  1.0000 0.100 0.200 0.220 0.600 0.250 0.200 
0.400 0.400 0.310 0.220 0.250 0.330 0.430 0.800 1.170 0.800 0.500 0.400 
215  1
9  1.0000 0.100 0.200 0.220 0.600 0.250 0.200 
0.400 0.400 0.310 0.220 0.250 0.330 0.430 0.800 1.170 0.800 0.500 0.400 
216  1
9  1.0000 0.100 0.200 0.220 0.600 0.250 0.200 
0.400 0.400 0.310 0.220 0.250 0.330 0.430 0.800 1.170 0.800 0.500 0.400 
217  1
9  1.0000 0.100 0.200 0.220 0.600 0.250 0.200 
0.400 0.400 0.310 0.220 0.250 0.330 0.430 0.800 1.170 0.800 0.500 0.400 
218  1
9  1.0000 0.100 0.200 0.220 0.600 0.250 0.200 
0.400 0.400 0.310 0.220 0.250 0.330 0.430 0.800 1.170 0.800 0.500 0.400 
219  1
9  1.0000 0.100 0.200 0.220 0.600 0.250 0.200 
0.400 0.400 0.310 0.220 0.250 0.330 0.430 0.800 1.170 0.800 0.500 0.400 
220  1
9  1.0000 0.100 0.200 0.220 0.600 0.250 0.200 
0.400 0.400 0.310 0.220 0.250 0.330 0.430 0.800 1.170 0.800 0.500 0.400 
221  1
9  1.0000 0.100 0.200 0.220 0.600 0.250 0.200 
0.400 0.400 0.310 0.220 0.250 0.330 0.430 0.800 1.170 0.800 0.500 0.400 
222  2
9  0.7977 0.100 0.200 0.220 0.600 0.250 0.200 
0.400 0.400 0.310 0.220 0.250 0.330 0.430 0.800 1.170 0.800 0.500 0.400 
10  0.2023 0.100 0.200 0.250 0.600 0.400 0.200 
0.780 0.890 1.000 1.120 1.780 3.670 4.780 4.230 2.000 1.230 1.000 0.890 
223  2
9  0.8732 0.100 0.200 0.220 0.600 0.250 0.200 
0.400 0.400 0.310 0.220 0.250 0.330 0.430 0.800 1.170 0.800 0.500 0.400 
10  0.1268 0.100 0.200 0.250 0.600 0.400 0.200 
0.780 0.890 1.000 1.120 1.780 3.670 4.780 4.230 2.000 1.230 1.000 0.890 
224  1
9  1.0000 0.100 0.200 0.220 0.600 0.250 0.200 
0.400 0.400 0.310 0.220 0.250 0.330 0.430 0.800 1.170 0.800 0.500 0.400 
225  2
9  0.8711 0.100 0.200 0.220 0.600 0.250 0.200 
0.400 0.400 0.310 0.220 0.250 0.330 0.430 0.800 1.170 0.800 0.500 0.400 
10  0.1289 0.100 0.200 0.250 0.600 0.400 0.200 
0.780 0.890 1.000 1.120 1.780 3.670 4.780 4.230 2.000 1.230 1.000 0.890 
226  2
9  0.8834 0.100 0.200 0.220 0.600 0.250 0.200 
0.400 0.400 0.310 0.220 0.250 0.330 0.430 0.800 1.170 0.800 0.500 0.400 
10  0.1166 0.100 0.200 0.250 0.600 0.400 0.200 
0.780 0.890 1.000 1.120 1.780 3.670 4.780 4.230 2.000 1.230 1.000 0.890 
227  2
9  0.9120 0.100 0.200 0.220 0.600 0.250 0.200 
0.400 0.400 0.310 0.220 0.250 0.330 0.430 0.800 1.170 0.800 0.500 0.400 
10  0.0880 0.100 0.200 0.250 0.600 0.400 0.200 
0.780 0.890 1.000 1.120 1.780 3.670 4.780 4.230 2.000 1.230 1.000 0.890 
228  1
9  1.0000 0.100 0.200 0.220 0.600 0.250 0.200 
0.400 0.400 0.310 0.220 0.250 0.330 0.430 0.800 1.170 0.800 0.500 0.400 
229  2
9  0.8197 0.100 0.200 0.220 0.600 0.250 0.200 
0.400 0.400 0.310 0.220 0.250 0.330 0.430 0.800 1.170 0.800 0.500 0.400 
10  0.1803 0.100 0.200 0.250 0.600 0.400 0.200 
0.780 0.890 1.000 1.120 1.780 3.670 4.780 4.230 2.000 1.230 1.000 0.890 
230  1
9  1.0000 0.100 0.200 0.220 0.600 0.250 0.200 
0.400 0.400 0.310 0.220 0.250 0.330 0.430 0.800 1.170 0.800 0.500 0.400 
231  1
9  1.0000 0.100 0.200 0.220 0.600 0.250 0.200 
0.400 0.400 0.310 0.220 0.250 0.330 0.430 0.800 1.170 0.800 0.500 0.400 
232  1
9  1.0000 0.100 0.200 0.220 0.600 0.250 0.200 
0.400 0.400 0.310 0.220 0.250 0.330 0.430 0.800 1.170 0.800 0.500 0.400 
233  1
9  1.0000 0.100 0.200 0.220 0.600 0.250 0.200 
0.400 0.400 0.310 0.220 0.250 0.330 0.430 0.800 1.170 0.800 0.500 0.400 
234  1
9  1.0000 0.100 0.200 0.220 0.600 0.250 0.200 
0.400 0.400 0.310 0.220 0.250 0.330 0.430 0.800 1.170 0.800 0.500 0.400 
235  2
9  0.8535 0.100 0.200 0.220 0.600 0.250 0.200 
0.400 0.400 0.310 0.220 0.250 0.330 0.430 0.800 1.170 0.800 0.500 0.400 
10  0.1465 0.100 0.200 0.250 0.600 0.400 0.200 
0.780 0.890 1.000 1.120 1.780 3.670 4.780 4.230 2.000 1.230 1.000 0.890 
236  1
9  1.0000 0.100 0.200 0.220 0.600 0.250 0.200 
0.400 0.400 0.310 0.220 0.250 0.330 0.430 0.800 1.170 0.800 0.500 0.400 
237  1
9  1.0000 0.100 0.200 0.220 0.600 0.250 0.200 
0.400 0.400 0.310 0.220 0.250 0.330 0.430 0.800 1.170 0.800 0.500 0.400 
238  1
9  1.0000 0.100 0.200 0.220 0.600 0.250 0.200 
0.400 0.400 0.310 0.220 0.250 0.330 0.430 0.800 1.170 0.800 0.500 0.400 
239  1
9  1.0000 0.100 0.200 0.220 0.600 0.250 0.200 
0.400 0.400 0.310 0.220 0.250 0.330 0.430 0.800 1.170 0.800 0.500 0.400 
240  1
9  1.0000 0.100 0.200 0.220 0.600 0.250 0.200 
0.400 0.400 0.310 0.220 0.250 0.330 0.430 0.800 1.170 0.800 0.500 0.400 
241  1
9  1.0000 0.100 0.200 0.220 0.600 0.250 0.200 
0.400 0.400 0.310 0.220 0.250 0.330 0.430 0.800 1.170 0.800 0.500 0.400 
242  1
9  1.0000 0.100 0.200 0.220 0.600 0.250 0.200 
0.400 0.400 0.310 0.220 0.250 0.330 0.430 0.800 1.170 0.800 0.500 0.400 
243  1
9  1.0000 0.100 0.200 0.220 0.600 0.250 0.200 
0.400 0.400 0.310 0.220 0.250 0.330 0.430 0.800 1.170 0.800 0.500 0.400 
244  1
9  1.0000 0.100 0.200 0.220 0.600 0.250 0.200 
0.400 0.400 0.310 0.220 0.250 0.330 0.430 0.800 1.170 0.800 0.500 0.400 
245  1
9  1.0000 0.100 0.200 0.220 0.600 0.250 0.200 
0.400 0.400 0.310 0.220 0.250 0.330 0.430 0.800 1.170 0.800 0.500 0.400 
246  1
9  1.0000 0.100 0.200 0.220 0.600 0.250 0.200 
0.400 0.400 0.310 0.220 0.250 0.330 0.430 0.800 1.170 0.800 0.500 0.400 
247  1
9  1.0000 0.100 0.200 0.220 0.600 0.250 0.200 
0.400 0.400 0.310 0.220 0.250 0.330 0.430 0.800 1.170 0.800 0.500 0.400 
248  1
9  1.0000 0.100 0.200 0.220 0.600 0.250 0.200 
0.400 0.400 0.310 0.220 0.250 0.330 0.430 0.800 1.170 0.800 0.500 0.400 
249  1
9  1.0000 0.100 0.200 0.220 0.600 0.250 0.200 
0.400 0.400 0.310 0.220 0.250 0.330 0.430 0.800 1.170 0.800 0.500 0.400 
250  1
9  1.0000 0.100 0.200 0.220 0.600 0.250 0.200 
0.400 0.400 0.310 0.220 0.250 0.330 0.430 0.800 1.170 0.800 0.500 0.400 
251  1
9  1.0000 0.100 0.200 0.220 0.600 0.250 0.200 
0.400 0.400 0.310 0.220 0.250 0.330 0.430 0.800 1.170 0.800 0.500 0.400 
252  1
9  1.0000 0.100 0.200 0.220 0.600 0.250 0.200 
0.400 0.400 0.310 0.220 0.250 0.330 0.430 0.800 1.170 0.800 0.500 0.400 
253  1
9  1.0000 0.100 0.200 0.220 0.600 0.250 0.200 
0.400 0.400 0.310 0.220 0.250 0.330 0.430 0.800 1.170 0.800 0.500 0.400 
254  1
9  1.0000 0.100 0.200 0.220 0.600 0.250 0.200 
0.400 0.400 0.310 0.220 0.250 0.330 0.430 0.800 1.170 0.800 0.500 0.400 
255  1
9  1.0000 0.100 0.200 0.220 0.600 0.250 0.200 
0.400 0.400 0.310 0.220 0.250 0.330 0.430 0.800 1.170 0.800 0.500 0.400 
256  1
9  1.0000 0.100 0.200 0.220 0.600 0.250 0.200 
0.400 0.400 0.310 0.220 0.250 0.330 0.430 0.800 1.170 0.800 0.500 0.400 
257  1
9  1.0000 0.100 0.200 0.220 0.600 0.250 0.200 
0.400 0.400 0.310 0.220 0.250 0.330 0.430 0.800 1.170 0.800 0.500 0.400 
258  1
9  1.0000 0.100 0.200 0.220 0.600 0.250 0.200 
0.400 0.400 0.310 0.220 0.250 0.330 0.430 0.800 1.170 0.800 0.500 0.400 
