Class  OvrStry  Rarc  Rmin  JAN-LAI  FEB-LAI  MAR-LAI  APR-LAI  MAY-LAI  JUN-LAI  JUL-LAI  AUG-LAI  SEP-LAI  OCT-LAI  NOV-LAI  DEC-LAI  JAN-ALB  FEB_ALB  MAR-ALB  APR-ALB  MAY-ALB  JUN-ALB  JUL-ALB  AUG-ALB  SEP-ALB  OCT-ALB  NOV-ALB  DEC-ALB  JAN-ROU  FEB-ROU  MAR-ROU  APR-ROU  MAY-ROU  JUN-ROU  JUL-ROU  AUG-ROU  SEP-ROU  OCT-ROU  NOV-ROU  DEC-ROU  JAN-DIS  FEB-DIS  MAR-DIS  APR-DIS  MAY-DIS  JUN-DIS  JUL-DIS  AUG-DIS  SEP-DIS  OCT-DIS  NOV-DIS  DEC-DIS  WIND_H  RGL  SolAtn  WndAtn  Trunk  COMMENT
1   1  50  120  3.40  3.40  3.50  3.70  4.00  4.40  4.40  4.30  4.20  3.70  3.50  3.40  0.12  0.12  0.12  0.12  0.12  0.12  0.12  0.12  0.12  0.12  0.12  0.12  1.48  1.48  1.48  1.48  1.48  1.48  1.48  1.48  1.48  1.48  1.48  1.48  8.04  8.04  8.04  8.04  8.04  8.04  8.04  8.04  8.04  8.04  8.04  8.04  50.00  30.00  0.50  0.50  0.20  Evergreen Needleleaf Forest
2   1  40  80   1.68  1.52  1.68  2.90  4.90  5.00  5.00  4.60  3.44  3.04  2.16  2.00  0.18  0.18  0.18  0.18  0.18  0.18  0.18  0.18  0.18  0.18  0.18  0.18  1.23  1.23  1.23  1.23  1.23  1.23  1.23  1.23  1.23  1.23  1.23  1.23  6.70  6.70  6.70  6.70  6.70  6.70  6.70  6.70  6.70  6.70  6.70  6.70  50.00  30.00  0.50  0.50  0.20  Deciduous Broadleaf Forest
3   1  45  100  2.54  2.46  2.59  3.30  4.45  4.70  4.70  4.45  3.82  3.37  2.83  2.70  0.15  0.15  0.15  0.15  0.15  0.15  0.15  0.15  0.15  0.15  0.15  0.15  1.35  1.35  1.35  1.35  1.35  1.35  1.35  1.35  1.35  1.35  1.35  1.35  7.37  7.37  7.37  7.37  7.37  7.37  7.37  7.37  7.37  7.37  7.37  7.37  50.00  30.00  0.50  0.50  0.20  Mixed Forest
4   1  40  120  1.68  1.52  1.68  2.90  4.90  5.00  5.00  4.60  3.44  3.04  2.16  2.00  0.18  0.18  0.18  0.18  0.18  0.18  0.18  0.18  0.18  0.18  0.18  0.18  1.23  1.23  1.23  1.23  1.23  1.23  1.23  1.23  1.23  1.23  1.23  1.23  6.70  6.70  6.70  6.70  6.70  6.70  6.70  6.70  6.70  6.70  6.70  6.70  50.00  30.00  0.50  0.50  0.20  Deciduous Needleaf Forest
5   0  2.5 110  2.00  2.25  2.95  3.85  3.75  3.50  3.55  3.20  3.30  2.85  2.60  2.20  0.19  0.19  0.19  0.19  0.19  0.19  0.19  0.19  0.19  0.19  0.19  0.19  0.50  0.50  0.50  0.50  0.50  0.50  0.50  0.50  0.50  0.50  0.50  0.50  1.00  1.00  1.00  1.00  1.00  1.00  1.00  1.00  1.00  1.00  1.00  1.00  5.00  75.00   0.50  0.50  0.20  Broadleaf Deciduous Shrubs
6   0  2.5 110  2.00  2.25  2.95  3.85  3.75  3.50  3.55  3.20  3.30  2.85  2.60  2.20  0.19  0.19  0.19  0.19  0.19  0.19  0.19  0.19  0.19  0.19  0.19  0.19  0.50  0.50  0.50  0.50  0.50  0.50  0.50  0.50  0.50  0.50  0.50  0.50  1.00  1.00  1.00  1.00  1.00  1.00  1.00  1.00  1.00  1.00  1.00  1.00  5.00  75.00   0.50  0.50  0.20  Needleleaf evergreen shrubs
7   0  2   80   2.00  2.25  2.95  3.85  3.75  3.50  3.55  3.20  3.30  2.85  2.60  2.20  0.20  0.20  0.20  0.20  0.20  0.20  0.20  0.20  0.20  0.20  0.20  0.20  0.07  0.07  0.07  0.07  0.07  0.07  0.07  0.07  0.07  0.07  0.07  0.07  0.40  0.40  0.40  0.40  0.40  0.40  0.40  0.40  0.40  0.40  0.40  0.40  3.00  100.00  0.50  0.50  0.20  Grasslands
8   0  2   40   2.00  2.25  2.95  3.85  3.75  3.50  3.55  3.20  3.30  2.85  2.60  2.20  0.20  0.20  0.20  0.20  0.20  0.20  0.20  0.20  0.20  0.20  0.20  0.20  0.03  0.03  0.03  0.03  0.03  0.03  0.03  0.03  0.03  0.03  0.03  0.03  0.20  0.20  0.20  0.20  0.20  0.20  0.20  0.20  0.20  0.20  0.20  0.20  3.00  100.00  0.50  0.50  0.20  Bogs
9   0  2   40   2.00  2.25  2.95  3.85  3.75  3.50  3.55  3.20  3.30  2.85  2.60  2.20  0.20  0.20  0.20  0.20  0.20  0.20  0.20  0.20  0.20  0.20  0.20  0.20  0.03  0.03  0.03  0.03  0.03  0.03  0.03  0.03  0.03  0.03  0.03  0.03  0.20  0.20  0.20  0.20  0.20  0.20  0.20  0.20  0.20  0.20  0.20  0.20  3.00  100.00  0.50  0.50  0.20  Riparian Vegetation
10  0  1   40   2.00  2.25  2.95  3.85  3.75  3.50  3.55  3.20  3.30  2.85  2.60  2.20  0.18  0.18  0.18  0.18  0.18  0.18  0.18  0.18  0.18  0.18  0.18  0.18  0.02  0.02  0.02  0.02  0.02  0.02  0.02  0.02  0.02  0.02  0.02  0.02  0.06  0.06  0.06  0.06  0.06  0.06  0.06  0.06  0.06  0.06  0.06  0.06  2.00  30.00   0.50  0.50  0.20  Tundra
11  0  2   60   0.50  0.50  0.50  0.50  1.50  3.00  4.50  5.00  2.50  0.50  0.50  0.50  0.10  0.10  0.10  0.10  0.20  0.20  0.20  0.20  0.20  0.10  0.10  0.10  0.01  0.01  0.01  0.01  0.01  0.06  0.12  0.19  0.22  0.22  0.01  0.01  0.03  0.03  0.03  0.03  0.07  0.34  0.67  1.01  1.17  1.17  0.03  0.03  2.00  100.00  0.50  0.50  0.20  Croplands
12  1  45  100  2.54  2.46  2.59  3.30  4.45  4.70  4.70  4.45  3.82  3.37  2.83  2.70  0.15  0.15  0.15  0.15  0.15  0.15  0.15  0.15  0.15  0.15  0.15  0.15  1.35  1.35  1.35  1.35  1.35  1.35  1.35  1.35  1.35  1.35  1.35  1.35  7.37  7.37  7.37  7.37  7.37  7.37  7.37  7.37  7.37  7.37  7.37  7.37  50.00  30.00  0.50  0.50  0.20  Forest-Natural Vegetation Complex
13  1  24  80   1.52  1.48  1.55  1.90  2.98  3.85  4.60  4.73  3.16  1.94  1.67  1.60  0.13  0.13  0.13  0.13  0.18  0.18  0.18  0.18  0.18  0.13  0.13  0.13  0.68  0.68  0.68  0.68  0.68  0.71  0.74  0.77  0.78  0.78  0.68  0.68  3.70  3.70  3.70  3.70  3.72  3.85  4.02  4.19  4.27  4.27  3.70  3.70  26.00  65.00  0.50  0.50  0.20  Forest-Cropland Complex
14  0  2   70   1.25  1.38  1.73  2.18  2.63  3.25  4.03  4.10  2.90  1.68  1.55  1.35  0.15  0.15  0.15  0.15  0.20  0.20  0.20  0.20  0.20  0.15  0.15  0.15  0.04  0.04  0.04  0.04  0.04  0.07  0.10  0.13  0.14  0.14  0.04  0.04  0.22  0.22  0.22  0.22  0.23  0.37  0.54  0.70  0.79  0.79  0.22  0.22  2.50  100.00  0.50  0.50  0.20  Cropland-Grassland Complex
